smp_imap0:	0
smp_imlf0:	0
smp_nidq:	0
sec_imap0:	0.000000
sec_imlf0:	0.000000
sec_nidq:	0.000000
